3.643585
0.506304
0.092516
0.071500
0.147252
0.163090
0.145114
0.152952
0.296260
0.326976
0.534847
0.809307
0.903954
1.226778
37.868272
2.393824
1.781032
1.287607
0.892201
0.586559
0.764780
0.627834
0.655049
0.473499
0.737140
0.816421
0.950683
1.037516
16.051321
1.966172
0.935269
0.786455
0.490235
0.345110
0.597204
0.508312
0.600362
0.514313
0.805842
0.944400
1.315828
1.668126
20.695393
3.950575
2.201378
1.464043
0.991140
0.828966
0.707622
0.872186
0.740132
1.324084
1.126990
1.635386
2.066964
2.854536
17.505446
5.914051
2.446026
1.935390
1.083630
0.504939
1.661600
0.764069
1.173614
0.172227
1.276933
1.357255
1.704243
2.666843
19.725318
8.065651
3.297449
2.443382
1.709863
1.443067
1.024861
1.602059
1.032121
1.943660
2.109166
2.430963
3.367147
4.309410
20.092569
9.371965
2.911426
2.530788
1.354261
0.847635
1.187900
0.443854
0.727943
0.199636
0.684237
1.154466
0.967616
1.078752
7.170595
3.559888
1.940533
0.973168
0.748687
0.538004
0.320615
0.587017
0.291695
0.517860
0.519430
0.355631
0.601468
0.720474
2.550318
1.800051
0.858863
0.607612
0.398299
0.342023
0.224392
0.297421
0.127817
0.284188
0.275212
0.327466
0.287635
0.359468
1.108479
0.713380
0.274927
0.201562
0.121112
0.104685
0.090186
0.156728
0.112916
0.093575
0.115225
0.120378
0.064376
0.197127
0.791528
0.874461
0.361572
0.263494
0.255454
0.156654
0.204084
0.153010
0.093927
0.157825
0.149063
0.169491
0.200319
0.219124
0.581391
0.802873
0.274445
0.139833
0.037613
0.099675
0.150068
0.210295
0.086518
0.159448
0.144669
0.123903
0.076269
0.256022
0.861090
1.364639
0.479901
0.275903
0.217980
0.143430
0.148210
0.149231
0.089665
0.133938
0.197896
0.236297
0.294321
0.366553
0.929042
1.698386
0.355069
0.235644
0.235329
0.125566
0.309993
0.298468
0.404352
0.358588
0.271184
0.475644
0.066844
0.247633
1.584603
3.701026
0.963497
0.482196
0.230685
0.225612
0.128619
0.277433
0.172144
0.224522
0.151631
0.184663
0.264616
0.205280
0.560423
1.160487
0.218391
0.135714
0.048792
0.072528
0.086543
0.019807
0.013022
0.064267
0.047916
0.025925
0.051295
0.069416
0.310253
1.024445
0.258242
0.158704
0.099533
0.114301
0.013256
0.053976
0.122654
0.146938
0.100437
0.101345
0.125530
0.147262
0.163347
0.908414
0.032316
0.126211
0.046157
0.058175
0.137392
0.045090
0.081104
0.193130
0.082770
0.198615
0.428895
0.118466
0.095578
0.101009
0.069169
0.131773
0.147195
0.062040
0.061149
0.197861
0.114987
0.775014
0.450046
0.207651
0.159414
0.142181
0.090352
0.154869
0.096657
0.052493
0.064881
0.153725
0.098372
0.182027
0.298922
0.819909
0.550674
0.105015
0.115940
0.137845
0.121082
0.029757
0.096444
0.091334
0.111180
0.006533
0.132339
0.197226
0.270024
0.801080
0.989131
0.278815
0.329691
0.195386
0.142182
0.244887
0.149607
0.314811
0.207582
0.296890
0.365205
0.599209
1.114357
2.627702
2.710352
0.673065
0.335410
0.736912
0.363781
0.420695
0.536869
0.397106
0.278539
0.133558
0.151440
0.321643
0.523859
1.196176
1.489711
0.401805
0.368070
0.212300
0.172872
0.203025
0.130767
0.182600
0.138531
0.169341
0.212764
0.237751
0.372066
0.757985
1.398729
0.391303
0.163348
0.287322
0.267740
0.243278
0.172765
0.264392
0.134369
0.163066
0.133644
0.229392
0.345510
0.548461
0.815196
0.198247
0.213881
0.122308
0.142054
0.187901
0.092261
0.139873
0.138779
0.168876
0.198075
0.152318
0.186879
0.365366
1.195616
0.218593
0.125208
0.198019
0.176291
0.152280
0.168753
0.180968
0.109792
0.117441
0.151175
0.177928
0.230004
0.327699
1.323615
0.239359
0.249998
0.179407
0.225229
0.216817
0.020151
0.170652
0.058482
0.225977
0.192073
0.289699
0.315540
0.560202
3.410740
0.556408
0.544735
0.307865
0.484705
0.388503
0.178400
0.442660
0.161378
0.385757
0.486256
0.545179
0.977718
0.834101
8.301211
0.852401
0.480968
0.533624
0.290586
0.461225
0.303979
0.065380
0.542094
0.741513
0.597532
0.995662
1.393187
3.054465
23.051356
1.712440
1.471322
0.936304
0.536088
0.336772
0.624429
0.324970
0.343451
0.491424
0.784215
0.808195
1.322284
1.937138
21.945727
2.699853
0.771617
0.473940
0.721780
0.775012
0.694301
0.429211
0.806391
0.942307
0.221384
0.520236
1.278551
2.022606
18.963104
0.986638
0.230606
0.541445
0.314282
0.094662
0.698674
0.363127
0.667617
0.512195
0.708439
0.411414
1.044197
1.844408
21.005495
3.453977
1.009153
0.724689
0.584150
0.670760
0.383686
0.494451
0.393932
0.606508
0.482543
0.465145
0.969992
1.713308
15.261100
3.693835
1.529426
1.212171
1.167795
1.313086
1.108738
1.287986
1.340368
1.705987
1.785067
2.158080
3.292887
6.507632
35.983301
9.124793
3.462902
1.946990
1.508337
1.246419
0.930797
0.841838
0.692051
0.544099
0.529428
0.687340
0.667544
1.133786
