-0.000000
-0.253233
-1.301671
1.395681
-1.230144
-1.106173
-0.487630
-1.004384
-1.103903
-1.181408
-0.907241
-0.803037
-0.854074
-0.256809
-0.462342
-0.825809
-0.739260
-0.584550
-0.629638
-0.570045
-0.556705
-0.502986
-0.266527
-0.323557
-0.189408
0.051496
0.285984
0.572682
0.499317
0.439131
0.598267
1.083294
1.261146
1.390764
1.345204
1.350328
-1.421774
1.305456
1.511977
-1.536202
-1.464465
-1.402829
1.408820
1.189768
0.948586
1.162027
0.763323
0.986952
0.795485
1.100985
0.804707
1.249267
0.950455
0.792450
1.022570
0.972538
0.904628
0.443057
0.503984
0.941448
0.950270
-1.234934
0.267824
0.293613
0.889806
-1.021682
-0.368139
0.554523
0.261952
0.187034
-0.641145
-0.869871
-0.934133
-0.745965
-0.896915
-0.717290
-0.598860
-0.664061
-0.994582
-0.659437
-0.663607
-1.016231
-0.516578
-0.788281
-1.207932
-1.456014
-1.435256
-1.046161
-1.085879
-0.171565
1.554942
-1.179432
-1.449027
-0.376703
1.036142
1.450603
1.403960
1.368566
0.600697
0.533645
0.601087
0.609692
0.722867
0.539756
1.023431
0.679776
1.180096
1.043717
1.302491
1.109771
1.489539
1.208095
1.394807
1.393937
-1.216871
-1.378214
-0.990292
-0.824411
-1.379946
-0.994301
-0.912564
-0.362074
-0.720489
-1.411274
-0.652178
-1.282092
1.444215
1.292670
1.101815
-1.514970
1.130719
-1.380246
1.227003
-1.553652
1.484714
-1.442397
-1.254102
-1.018285
1.362193
-1.279744
-1.224585
-1.127576
-0.741729
-0.663731
-0.503685
-0.202547
-1.005619
-0.478971
-0.158418
0.191041
-0.591455
-0.915732
-0.431429
-1.138427
-1.530916
1.498007
0.926994
-1.464923
0.348111
-1.517783
-0.532107
1.463964
1.424813
1.133202
1.354432
-1.372031
0.239047
1.300721
0.909489
1.449120
-1.382450
-1.061894
-0.865739
-0.564499
-1.100336
-0.345080
-0.464711
-0.130903
-1.041199
-1.063379
-0.591515
-1.351979
-1.451014
-1.334554
1.534677
-0.443220
1.483081
1.411368
-1.152220
1.025542
-0.960807
-0.326332
-1.269763
-1.317232
1.113798
0.782935
-0.021780
0.465031
0.845436
1.388779
1.034010
1.450608
0.189204
1.329291
-0.532797
1.009332
-0.122092
0.445304
0.867115
-0.135820
0.061947
0.233045
0.727397
1.491825
-0.798874
-1.219869
0.290437
0.916624
0.218939
0.990592
0.937815
-0.948815
0.677680
1.281772
-0.142225
0.624211
1.511789
-1.287155
-0.918025
1.139052
-0.874299
-1.055820
-0.367394
1.442971
-0.125254
0.132469
-1.388197
-0.244449
-0.000444
0.491937
-0.157021
-1.234289
1.220399
0.961373
0.018561
-0.183959
0.609559
1.098284
-1.012767
0.986112
0.353037
-0.860148
0.852618
-0.144379
-0.758860
0.135787
0.300457
1.217878
-0.784146
-0.750082
0.060881
0.269196
0.510784
0.599943
-0.656548
0.710153
0.571023
-0.844815
1.012381
0.011075
0.663306
-0.223086
-0.916358
-0.457763
-0.169190
0.280597
0.383179
-1.028822
-0.917164
-0.655341
-0.415554
-1.555028
-0.387128
-0.424630
0.028028
-0.344693
-0.956637
-0.441405
0.237310
0.580656
0.637660
0.555649
-0.070297
0.428669
0.632491
-0.420351
-1.556014
-0.158668
0.680832
-0.325254
0.059231
-0.190566
0.202885
0.391576
0.496297
-0.484713
-0.611596
-0.736129
-0.424637
0.682599
-1.108036
-0.098170
-1.001487
0.221574
-1.006408
-1.090463
-0.509059
-0.927928
-1.034957
-1.483786
1.049217
1.436105
1.098451
0.386042
0.701305
0.889622
1.502205
1.011966
1.501103
-1.362496
-0.981017
-0.686047
-0.370241
-0.894020
-0.669664
-0.932650
-0.613856
-0.504075
-0.738564
-0.701360
-1.457568
-0.220799
0.182011
-0.447787
-0.053652
-0.619909
-0.872897
1.404829
0.817876
1.205781
0.600870
0.169121
0.516809
1.012029
1.457002
0.399760
1.015567
1.165698
1.345042
-1.168989
-1.150197
-1.082233
-0.838994
-1.163175
-0.873021
-0.678109
-0.567183
-0.630917
-0.215076
-0.606522
-0.078719
-0.510445
0.118450
-0.216824
-0.686751
1.392950
0.924086
-1.120360
0.743913
0.533719
0.201712
-1.561231
-1.211268
1.135628
1.570056
-0.907935
-1.330884
-0.154855
-0.633848
-0.572469
-0.875261
-0.448288
-0.608134
-0.290179
-0.503058
0.132094
-0.576576
0.305183
0.017939
0.252921
0.259335
0.521454
0.187287
1.239492
-0.901995
-0.611346
1.240945
-0.261100
-0.724950
-0.681684
-0.495417
0.003739
-0.741382
-0.929822
0.232175
-0.311354
-1.128273
0.577909
0.879152
-0.655097
1.216962
-1.372848
0.669508
-1.343491
0.846078
-0.498404
-0.397664
-0.826128
-0.351945
-0.703842
1.444519
-0.972779
-0.717544
-0.713857
-1.018099
0.974057
-0.191421
-1.552332
0.865902
0.681650
0.345636
0.431106
-1.519346
-1.558375
-0.056831
-0.423923
1.457089
1.492263
-0.674609
0.904486
-0.897511
-0.787007
-0.970759
-0.959871
-1.191565
-0.979088
-1.283790
-0.738610
-0.587364
-0.573774
-0.773567
-1.030355
-1.211083
-1.175191
-0.859839
-1.250792
-1.157215
-0.784919
-0.785241
-0.749671
-0.590557
-0.201521
0.257720
0.465435
0.513610
0.530298
0.561920
0.705591
0.757511
0.750582
0.803061
0.936627
0.919245
0.983977
1.004892
1.124092
1.260611
1.287163
1.180813
1.257291
1.330080
1.399369
1.543361
-1.415414
-1.200902
-1.153706
-0.909517
-0.675368
-0.321910
0.441117
