0.000000
0.089357
-0.061418
-0.049808
0.057084
0.030759
-0.026681
-0.007883
0.042882
0.003880
0.022828
0.061385
0.166521
-4.084892
9.864702
-4.684849
-0.089291
0.009757
-0.047594
0.045847
-0.077522
-0.030464
0.007627
-0.006096
-0.053300
-0.009762
0.004757
-1.430206
3.866657
-1.867246
0.062984
-0.143171
-0.013319
0.061141
-0.115192
0.009477
-0.094555
0.063153
-0.096647
-0.019666
-0.123652
4.213094
-11.359394
5.965346
-0.170365
0.166421
-0.112235
0.094837
-0.078580
0.175754
-0.197061
0.337901
-0.061921
-0.015975
0.147345
-2.257718
6.885959
-3.642080
0.258153
-0.364018
0.000979
-0.011938
-0.004108
0.188638
-0.374217
-0.043453
0.495156
-0.372616
0.063884
-3.361718
8.962661
-5.812426
0.343425
-0.014771
-0.110067
-0.092568
0.150614
-0.234375
0.082740
-0.172337
0.029438
-0.382406
0.182641
3.449674
-12.145429
8.475142
-0.979024
0.301950
0.108907
-0.435268
0.459851
-0.204668
0.269748
-0.234868
-0.016499
0.258032
0.013298
-0.427900
1.774779
-1.142574
-0.072822
0.049272
-0.074160
0.038469
-0.016841
-0.043558
0.024972
-0.045645
-0.102060
0.085637
-0.107127
0.395905
-1.590482
1.183863
-0.046104
0.051629
-0.006916
0.018904
-0.012619
0.070338
-0.035238
-0.000004
0.001927
0.076236
-0.040212
-0.124472
0.653328
-0.499906
0.061609
-0.037615
0.015556
-0.017586
0.018570
-0.040670
-0.004657
-0.000581
-0.015582
-0.026184
0.037162
0.110991
-0.606891
0.537072
-0.064668
0.001483
0.031208
-0.051363
0.062327
0.004278
-0.003784
-0.032858
0.016519
0.029070
-0.018870
-0.063128
0.462424
-0.478162
0.092293
-0.038712
0.049956
-0.025838
0.011720
-0.066377
0.025138
-0.019165
-0.015693
-0.046707
0.077873
0.021047
-0.571763
0.648247
-0.061259
-0.007679
0.022730
-0.021819
0.032722
0.001605
0.001487
-0.033648
0.031991
0.028428
-0.016934
-0.102960
0.876216
-0.995487
0.186534
-0.075443
0.176322
-0.021378
-0.095039
0.055556
-0.230529
0.254045
-0.059838
-0.222396
0.145167
-0.211372
0.145344
0.065969
0.035533
0.089966
-0.058174
0.084294
-0.112040
0.092767
-0.013697
0.068907
-0.067420
-0.014615
0.092994
-0.032973
-0.097929
0.113493
-0.033157
-0.039918
-0.022043
0.044305
-0.009781
-0.009201
-0.010319
0.025090
-0.016760
-0.015296
-0.003473
-0.015124
-0.006529
0.049715
0.031058
0.012995
-0.002170
0.028012
-0.036329
0.008019
-0.002462
0.066874
-0.041911
-0.040290
0.093604
-0.052249
0.010269
-0.039862
0.044212
-0.074801
0.030791
-0.004526
0.012138
-0.001730
-0.031700
0.039619
-0.011952
0.047004
-0.000000
-0.047004
0.011952
-0.039619
0.031700
0.001730
-0.012138
0.004526
-0.030791
0.074801
-0.044212
0.039862
-0.010269
0.052249
-0.093604
0.040290
0.041911
-0.066874
0.002462
-0.008019
0.036329
-0.028012
0.002170
-0.012995
-0.031058
-0.049715
0.006529
0.015124
0.003473
0.015296
0.016760
-0.025090
0.010319
0.009201
0.009781
-0.044305
0.022043
0.039918
0.033157
-0.113493
0.097929
0.032973
-0.092994
0.014615
0.067420
-0.068907
0.013697
-0.092767
0.112040
-0.084294
0.058174
-0.089966
-0.035533
-0.065969
-0.145344
0.211372
-0.145167
0.222396
0.059838
-0.254045
0.230529
-0.055556
0.095039
0.021378
-0.176322
0.075443
-0.186534
0.995487
-0.876216
0.102960
0.016934
-0.028428
-0.031991
0.033648
-0.001487
-0.001605
-0.032722
0.021819
-0.022730
0.007679
0.061259
-0.648247
0.571763
-0.021047
-0.077873
0.046707
0.015693
0.019165
-0.025138
0.066377
-0.011720
0.025838
-0.049956
0.038712
-0.092293
0.478162
-0.462424
0.063128
0.018870
-0.029070
-0.016519
0.032858
0.003784
-0.004278
-0.062327
0.051363
-0.031208
-0.001483
0.064668
-0.537072
0.606891
-0.110991
-0.037162
0.026184
0.015582
0.000581
0.004657
0.040670
-0.018570
0.017586
-0.015556
0.037615
-0.061609
0.499906
-0.653328
0.124472
0.040212
-0.076236
-0.001927
0.000004
0.035238
-0.070338
0.012619
-0.018904
0.006916
-0.051629
0.046104
-1.183863
1.590482
-0.395905
0.107127
-0.085637
0.102060
0.045645
-0.024972
0.043558
0.016841
-0.038469
0.074160
-0.049272
0.072822
1.142574
-1.774779
0.427900
-0.013298
-0.258032
0.016499
0.234868
-0.269748
0.204668
-0.459851
0.435268
-0.108907
-0.301950
0.979024
-8.475142
12.145429
-3.449674
-0.182641
0.382406
-0.029438
0.172337
-0.082740
0.234375
-0.150614
0.092568
0.110067
0.014771
-0.343425
5.812426
-8.962661
3.361718
-0.063884
0.372616
-0.495156
0.043453
0.374217
-0.188638
0.004108
0.011938
-0.000979
0.364018
-0.258153
3.642080
-6.885959
2.257718
-0.147345
0.015975
0.061921
-0.337901
0.197061
-0.175754
0.078580
-0.094837
0.112235
-0.166421
0.170365
-5.965346
11.359394
-4.213094
0.123652
0.019666
0.096647
-0.063153
0.094555
-0.009477
0.115192
-0.061141
0.013319
0.143171
-0.062984
1.867246
-3.866657
1.430206
-0.004757
0.009762
0.053300
0.006096
-0.007627
0.030464
0.077522
-0.045847
0.047594
-0.009757
0.089291
4.684849
-9.864702
4.084892
-0.166521
-0.061385
-0.022828
-0.003880
-0.042882
0.007883
0.026681
-0.030759
-0.057084
0.049808
0.061418
-0.089357
