-1.741322
0.567296
0.128371
-0.001513
-0.006664
0.001698
-0.033658
0.015941
-0.023666
0.040207
-0.018525
-0.090680
0.074912
7.296903
-18.187050
8.152695
0.094779
0.107646
0.022867
-0.053441
0.101740
-0.004557
0.106603
-0.075478
0.091222
0.058768
0.109043
-3.129374
8.007135
-4.022631
0.062252
0.002744
0.016162
0.035136
-0.038316
-0.051661
0.098832
-0.078597
-0.010336
-0.007741
-0.011289
1.200963
-2.982741
1.625127
0.219060
-0.131825
0.137826
-0.025223
0.063995
-0.007171
0.072763
-0.017351
-0.019656
0.218740
-0.030651
-2.201124
7.422554
-5.065601
0.301710
-0.018576
-0.127845
0.622531
-0.723052
0.155567
-0.299303
0.497383
-0.331548
-0.010585
-0.020567
2.458833
-8.290415
5.101043
-0.454796
0.266548
-0.106013
0.126421
-0.080831
0.326383
-0.344026
0.272346
0.258253
-0.438945
0.594230
-0.296351
1.855482
-0.867440
0.194437
-0.397680
0.161311
-0.379008
0.303046
-0.098802
0.078656
-0.202193
0.194902
0.005240
0.023285
-1.490348
4.240201
-2.694556
-0.040553
0.063316
-0.024769
-0.080612
0.123622
-0.191043
0.108013
-0.089721
0.003503
-0.029402
0.053373
0.059101
-0.560414
0.558776
-0.206647
0.063955
-0.035523
-0.066944
0.065196
-0.046528
0.052699
-0.075685
-0.045254
0.089185
-0.095634
-0.072214
0.282095
-0.206570
-0.019327
0.037362
-0.033225
0.025179
-0.018066
0.001128
-0.010215
-0.000979
-0.002895
0.025652
-0.025801
-0.013563
0.098085
-0.068902
-0.030271
0.001161
-0.032047
-0.021799
0.022069
-0.027509
0.016363
-0.042369
-0.006545
0.023316
-0.060539
-0.024801
0.136151
-0.104300
-0.061873
0.040103
-0.011599
-0.033334
0.078756
-0.054025
0.021343
-0.032103
-0.015483
0.026669
-0.009373
0.128873
-0.484936
0.400687
-0.063447
-0.022246
-0.013441
-0.028817
0.033239
-0.044665
0.018112
-0.043001
0.008006
0.029241
-0.100010
0.003590
0.101207
-0.052105
-0.094225
0.088072
0.025776
-0.061933
0.087251
-0.165562
0.182115
-0.182566
0.055496
-0.033264
0.076598
0.296737
-1.757993
2.014037
-0.306010
-0.093267
0.021068
-0.014750
0.010314
0.089334
-0.133317
0.079799
-0.005759
0.013395
0.041937
-0.098698
0.573160
-0.661326
0.121913
0.007243
0.021997
0.019655
-0.042200
0.010199
-0.019006
0.040059
-0.033550
-0.003747
0.010803
0.095149
-0.428877
0.548543
-0.127571
-0.006971
-0.039855
0.048723
-0.009623
0.021981
-0.064885
0.031329
0.008618
0.031843
-0.037075
0.010950
0.314916
-0.516802
0.179474
-0.013544
0.002208
0.055499
-0.066884
-0.019749
0.006840
0.069102
-0.077674
-0.031715
0.188467
-0.031715
-0.077674
0.069102
0.006840
-0.019749
-0.066884
0.055499
0.002208
-0.013544
0.179474
-0.516802
0.314916
0.010950
-0.037075
0.031843
0.008618
0.031329
-0.064885
0.021981
-0.009623
0.048723
-0.039855
-0.006971
-0.127571
0.548543
-0.428877
0.095149
0.010803
-0.003747
-0.033550
0.040059
-0.019006
0.010199
-0.042200
0.019655
0.021997
0.007243
0.121913
-0.661326
0.573160
-0.098698
0.041937
0.013395
-0.005759
0.079799
-0.133317
0.089334
0.010314
-0.014750
0.021068
-0.093267
-0.306010
2.014037
-1.757993
0.296737
0.076598
-0.033264
0.055496
-0.182566
0.182115
-0.165562
0.087251
-0.061933
0.025776
0.088072
-0.094225
-0.052105
0.101207
0.003590
-0.100010
0.029241
0.008006
-0.043001
0.018112
-0.044665
0.033239
-0.028817
-0.013441
-0.022246
-0.063447
0.400687
-0.484936
0.128873
-0.009373
0.026669
-0.015483
-0.032103
0.021343
-0.054025
0.078756
-0.033334
-0.011599
0.040103
-0.061873
-0.104300
0.136151
-0.024801
-0.060539
0.023316
-0.006545
-0.042369
0.016363
-0.027509
0.022069
-0.021799
-0.032047
0.001161
-0.030271
-0.068902
0.098085
-0.013563
-0.025801
0.025652
-0.002895
-0.000979
-0.010215
0.001128
-0.018066
0.025179
-0.033225
0.037362
-0.019327
-0.206570
0.282095
-0.072214
-0.095634
0.089185
-0.045254
-0.075685
0.052699
-0.046528
0.065196
-0.066944
-0.035523
0.063955
-0.206647
0.558776
-0.560414
0.059101
0.053373
-0.029402
0.003503
-0.089721
0.108013
-0.191043
0.123622
-0.080612
-0.024769
0.063316
-0.040553
-2.694556
4.240201
-1.490348
0.023285
0.005240
0.194902
-0.202193
0.078656
-0.098802
0.303046
-0.379008
0.161311
-0.397680
0.194437
-0.867440
1.855482
-0.296351
0.594230
-0.438945
0.258253
0.272346
-0.344026
0.326383
-0.080831
0.126421
-0.106013
0.266548
-0.454796
5.101043
-8.290415
2.458833
-0.020567
-0.010585
-0.331548
0.497383
-0.299303
0.155567
-0.723052
0.622531
-0.127845
-0.018576
0.301710
-5.065601
7.422554
-2.201124
-0.030651
0.218740
-0.019656
-0.017351
0.072763
-0.007171
0.063995
-0.025223
0.137826
-0.131825
0.219060
1.625127
-2.982741
1.200963
-0.011289
-0.007741
-0.010336
-0.078597
0.098832
-0.051661
-0.038316
0.035136
0.016162
0.002744
0.062252
-4.022631
8.007135
-3.129374
0.109043
0.058768
0.091222
-0.075478
0.106603
-0.004557
0.101740
-0.053441
0.022867
0.107646
0.094779
8.152695
-18.187050
7.296903
0.074912
-0.090680
-0.018525
0.040207
-0.023666
0.015941
-0.033658
0.001698
-0.006664
-0.001513
0.128371
0.567296
