-0.004409
-0.002582
-0.002101
-0.011063
-0.014206
-0.011625
-0.010533
-0.008351
-0.012873
-0.018578
-0.016811
-0.012627
-0.005337
0.001262
0.006903
0.012732
0.012678
0.016395
0.019529
0.031707
0.026706
-0.000237
-0.012677
-0.018538
0.000431
0.023651
0.029510
0.020056
0.001122
-0.012131
-0.008397
-0.005739
-0.000025
-0.006347
-0.012699
-0.010966
-0.009037
-0.006334
-0.008762
-0.022979
-0.021123
-0.019426
-0.016841
-0.016313
-0.027512
-0.033868
-0.029131
-0.021365
-0.005799
0.005988
0.022764
0.027682
0.025910
0.033171
0.042474
0.071353
0.042536
-0.007217
-0.032491
-0.037241
0.014079
0.055807
0.060391
0.034851
-0.008994
-0.027005
-0.017855
-0.011194
0.000370
-0.018779
-0.026570
-0.024606
-0.020295
-0.020165
-0.033096
-0.039865
-0.031058
-0.031518
-0.030551
-0.048688
-0.068185
-0.068285
-0.054510
-0.028953
0.001406
0.030743
0.055045
0.048996
0.057586
0.063218
0.103259
0.137407
0.041530
-0.031319
-0.077714
-0.051276
0.062442
0.115692
0.107140
0.041394
-0.040103
-0.048229
-0.037011
-0.014823
-0.006255
-0.042654
-0.043347
-0.039873
-0.036716
-0.032836
-0.066572
-0.072510
-0.056459
-0.060242
-0.054181
-0.088718
-0.113367
-0.107167
-0.081369
-0.034144
0.024707
0.069154
0.099818
0.076086
0.098177
0.117746
0.217160
0.175258
0.005902
-0.087402
-0.138436
-0.014240
0.147902
0.190583
0.141421
0.007624
-0.083654
-0.070580
-0.053417
-0.007082
-0.033614
-0.066970
-0.055254
-0.057411
-0.045836
-0.073092
-0.104311
-0.094224
-0.084708
-0.082494
-0.087454
-0.141124
-0.162846
-0.150993
-0.101120
-0.021972
0.063077
0.126788
0.132548
0.115496
0.128093
0.183188
0.316558
0.166342
-0.022649
-0.150262
-0.159961
0.057932
0.227413
0.253856
0.146001
-0.042793
-0.106664
-0.090023
-0.047601
0.000346
-0.064719
-0.076392
-0.074654
-0.075241
-0.058814
-0.106137
-0.110804
-0.093811
-0.117780
-0.113958
-0.159767
-0.191068
-0.188532
-0.169785
-0.088874
0.001583
0.097078
0.169606
0.138904
0.163831
0.180698
0.318350
0.367945
0.080700
-0.104220
-0.242541
-0.114376
0.189210
0.323170
0.285589
0.091332
-0.117549
-0.124442
-0.100921
-0.018247
-0.012066
-0.086118
-0.078316
-0.074626
-0.067409
-0.065182
-0.169602
-0.161394
-0.130504
-0.116119
-0.088580
-0.170175
-0.239551
-0.230518
-0.180146
-0.048890
0.062445
0.149593
0.187878
0.147556
0.196980
0.250961
0.420332
0.277676
-0.029754
-0.201895
-0.241038
0.030540
0.299613
0.354088
0.227570
-0.024631
-0.150702
-0.122185
-0.068511
0.008418
-0.050521
-0.098863
-0.074765
-0.076965
-0.065244
-0.120435
-0.170385
-0.123494
-0.089640
-0.086709
-0.162065
-0.251368
-0.271052
-0.203604
-0.110992
0.007286
0.089839
0.169836
0.154190
0.161605
0.192213
0.311734
0.413659
0.151315
-0.074809
-0.233699
-0.162878
0.141710
0.320201
0.315406
0.141187
-0.087668
-0.129895
-0.104572
-0.030939
-0.002028
-0.077572
-0.088030
-0.067555
-0.061005
-0.045196
-0.145518
-0.197726
-0.138869
-0.112170
-0.063051
-0.117378
-0.215496
-0.228613
-0.195822
-0.093789
0.032050
0.104912
0.184000
0.142431
0.161306
0.201153
0.343993
0.311966
0.039170
-0.138912
-0.223451
-0.043657
0.215679
0.306172
0.232655
0.031375
-0.117348
-0.108322
-0.067262
0.004933
-0.024823
-0.082568
-0.078826
-0.061457
-0.040974
-0.080694
-0.143492
-0.127834
-0.109783
-0.082421
-0.092158
-0.150791
-0.181523
-0.170923
-0.118791
-0.041423
0.033995
0.113516
0.136030
0.127245
0.152153
0.196282
0.312574
0.162965
-0.025965
-0.142829
-0.149644
0.055049
0.212594
0.231019
0.137380
-0.035884
-0.094470
-0.077187
-0.033834
0.009587
-0.040282
-0.063606
-0.056468
-0.051935
-0.043873
-0.092346
-0.102028
-0.072962
-0.059121
-0.056304
-0.098072
-0.146185
-0.145106
-0.116221
-0.060330
-0.000859
0.046128
0.094173
0.089329
0.102929
0.118190
0.175358
0.214402
0.060733
-0.046208
-0.117218
-0.068928
0.085855
0.161564
0.149862
0.061696
-0.048429
-0.063039
-0.052395
-0.015673
-0.006002
-0.039913
-0.041083
-0.034190
-0.026916
-0.034781
-0.080593
-0.085507
-0.062999
-0.045009
-0.032780
-0.058947
-0.088404
-0.091176
-0.072933
-0.031605
0.011357
0.050445
0.070559
0.066012
0.074797
0.084880
0.133821
0.078975
-0.008133
-0.060316
-0.065849
0.016601
0.086352
0.098836
0.061709
-0.009576
-0.040196
-0.035653
-0.019962
0.000184
-0.015576
-0.024978
-0.023272
-0.020467
-0.020688
-0.035984
-0.049176
-0.038185
-0.027522
-0.019094
-0.026875
-0.045265
-0.052574
-0.044521
-0.026738
-0.000050
0.019402
0.034882
0.033038
0.037020
0.041408
0.062664
0.065929
0.014128
-0.020966
-0.039182
-0.013935
0.032916
0.051183
0.042070
0.010563
-0.017571
-0.018481
-0.013582
-0.002818
-0.003672
-0.013984
-0.012765
-0.012015
-0.006948
-0.014147
-0.024068
-0.022016
-0.017614
-0.010350
-0.010066
-0.019278
-0.024543
-0.025233
-0.018095
-0.006401
0.003527
0.014193
0.018471
0.017807
0.021261
0.024597
0.038066
0.020795
-0.004157
-0.016557
-0.017333
0.006061
0.025133
0.026600
0.016096
-0.003356
-0.011534
-0.009199
-0.005476
-0.000079
-0.005427
-0.008668
-0.007541
-0.007137
